0 9
0 50
0 268
0 1845
0 1940
0 2338
0 2548
0 3670
0 3674
0 8123
0 9582
0 16221
0 19223
0 42892
0 52918
0 56700
0 60887
0 82387
0 235768
0 240101
0 262031
0 362191
1 2
1 12
1 41
1 46
1 83
1 169
1 184
1 415
1 909
1 930
1 957
1 1026
1 1083
1 1369
1 2023
1 2059
1 2469
1 2548
1 3783
1 5139
1 5689
1 5933
1 7542
1 9526
1 9681
1 11228
1 12602
1 13688
1 14413
1 16440
1 19851
1 21388
1 25054
1 25492
1 26415
1 27852
1 31096
1 33433
1 35687
1 38258
1 45039
1 50538
1 56103
1 56593
1 65197
1 79388
1 92638
1 100324
1 131389
2 1
2 9
2 14
2 78
2 134
2 258
2 278
2 415
2 1369
2 1845
2 2645
2 3087
2 3285
2 6032
2 12602
2 12627
2 13121
2 18641
2 18712
2 20191
2 21565
2 28423
2 29888
2 41780
2 50445
2 55574
2 145390
2 206900
2 365956
3 1
3 6
3 9
3 27
3 41
3 48
3 121
3 415
3 834
3 1369
3 3670
3 3688
3 10587
3 10953
3 16581
3 17669
4 42
4 45
4 343
4 1469
4 2089
4 2451
4 10521
4 13873
4 14828
4 16974
4 21722
4 29350
4 35599
4 40696
4 45261
4 49552
4 57765
4 64204
4 171296
4 202210
4 226042
4 242572
4 242947
4 302223
4 394746
5 3
5 9
5 22
5 35
5 50
5 82
5 278
5 415
5 623
5 703
5 1165
5 1710
5 1875
5 2024
5 2126
5 2187
5 4149
5 4194
5 4324
5 4605
5 4608
5 4884
5 5689
5 5900
5 7333
5 8117
5 10062
5 12470
5 12683
5 12974
5 19519
5 20347
5 28279
5 41636
5 50445
5 51556
5 54467
5 56599
5 65723
5 68728
5 219447
5 230519
5 235091
5 247654
5 287308
6 3
6 83
6 117
6 184
6 233
6 269
6 278
6 415
6 458
6 602
6 778
6 967
6 1369
6 1845
6 1979
6 2162
6 2767
6 3087
6 3651
6 4104
6 4597
6 5139
6 5283
6 6516
6 7542
6 9074
6 13027
6 18503
6 19856
6 20191
6 21777
6 21856
6 22524
6 22721
6 23432
6 27751
6 32317
6 40388
6 41636
6 41673
6 75853
6 99958
6 101773
6 170456
7 1206
7 1828
7 5139
7 12777
7 16536
7 17669
7 18509
7 18752
7 20350
7 22000
7 22116
7 23884
7 26572
7 31043
7 41262
7 49718
7 54212
7 56576
7 58609
7 111558
7 115732
7 198744
7 273434
7 282495
7 287731
8 1748
8 1845
8 2548
8 2773
8 2836
8 2993
8 3072
8 4065
8 4435
8 7251
8 8063
8 8325
8 8944
8 9127
8 9235
8 9253
8 9355
8 9588
8 9723
8 9788
8 10188
8 10710
8 11141
8 11279
8 11324
8 12800
8 13334
8 16150
8 17709
8 17727
8 19719
8 19810
8 19811
8 20695
8 25230
8 27715
8 27889
8 28423
8 31703
8 33496
8 34353
8 40187
8 41706
8 44868
8 47719
8 51486
8 54452
8 62891
8 64261
8 70381
8 72685
8 73429
8 80754
8 86170
8 94436
8 94668
8 119396
8 145390
8 159967
8 163160
8 221823
8 238326
8 268372
8 276088
8 295327
9 2
9 3
9 12
9 22
9 41
9 45
9 48
9 83
9 163
9 184
9 278
9 415
9 458
9 703
9 930
9 1050
9 1562
9 1710
9 1845
9 1875
9 1940
9 2006
9 2023
9 2126
9 2577
9 2579
9 2921
9 3128
9 3675
9 4149
9 4194
9 4324
9 4525
9 4605
9 5191
9 5689
9 6098
9 10151
9 10953
9 13027
9 13334
9 14653
9 14775
9 18503
9 19223
9 20191
9 20350
9 23396
9 27151
9 30250
9 31615
9 34723
9 35687
9 37580
9 37860
9 40257
9 41449
9 43326
9 46120
9 48148
9 56576
9 58267
9 61501
9 62620
9 65275
9 68230
9 68255
9 68695
9 89815
9 96484
9 100324
9 104487
9 163941
9 197679
9 208261
9 222640
9 371413
10 9
10 12
10 231
10 268
10 542
10 703
10 930
10 1050
10 1940
10 2548
10 3930
10 4324
10 5052
10 5689
10 7024
10 8827
10 19223
10 19458
10 19519
10 20168
10 29472
10 31492
10 52272
10 68255
10 109572
10 388767
